random:insertion, merge, quick

y1 = [396942,1230399,487160,880439,1025335,1144219,2094307,1936656,2408907,2975412]

y2 = [161788,237331,377002,522443,536019,602500,907915,587577,648429,846935]

y3 = [233868,252942,453683,363801,337107,400189,522800,481310,553406,619833]

almost sorted:

y1 = [81794,105383,92040,147867,227531,304419,232148,297334,338239,417817]

y2 = [168479,356586,354099,437645,598588,672492,559221,396304,412915,589397]

y3 = [218750,343786,485095,601654,386478,445320,389689,432538,449638,496755]

duplicated:

y1 = [151933,89472,135759,247252,294029,444117,573376,714059,894183,1075411]

y2 = [188801,210505,264640,338984,361268,446738,553188,391030,438307,478175]

y3 = [1357946,3264688,1468571,2504993,3160798,4678598,6479811,7755532,9517923,11684689]

reverse:

y1 = [1305041,469759,795070,1331590,1673678,2206457,2973104,3881015,4689655,5885477]

y2 = [157684,192453,236517,330996,344385,411156,553929,326939,377534,418236]

y3 = [213920,315310,195971,225735,260286,296170,338692,341016,387574,433502]



